9.733622765580698
8.257580914013289
5.448159011877405
NaN
1.976378817781261
4.757976722246594
1.7896235974513492
31.864398267934003
1.2606795614487607
1.1808252633659975
1.036959044466096
6.308313015006483
38.06749876220598
2.018514006085322
8.38532775226205
1.420670385203676
NaN
1.9096971107786092
1.9770201184804963
1.3842234291671307
7.440409843918604
12.191610932297278
210315.23407226088
3.7365678807413683
NaN
152.07011166241875
1.3411198787585026
2.381903788036438
190824.82442781253
1.62023675188985
1.306436494503614
1177.0298300952015
807.7139465539803
8496.393691958512
NaN
NaN
1.5605033634817307
11.467414245861532
1.1158344365675923
NaN
1.3890998308447517
30.890251007540886
1.4147127135097601
10.015767513653424
1.62023675188985
3.073253506237174
NaN
1.0633220769367202
6.054937434392243
184149.6735458618
16.7114472985119
9.967773492718589
45.7864592552373
4.500854219508062
31.147499712178767
2.8255851517191273
NaN
2.167280641366583
3.8719632937243467
1.165594614706519
1.1158344365675923
924564.5861472698
1.2224041344970575
2.8255851517191273
1.3865907512803974
NaN
3690025.4686629786
3.667176808210696
245.60366757771072
3496.685626234046
13.532708379687808
NaN
1.4731178766873727
1.1217156823427805
2.6963248230073256
1.5490071006140456
1.235507222712531
1.7137347519930457
2.3156131766187276
1.1483346311609433
1.9770201184804963
3.073253506237174
110.99928269794763
1.1169602618909007
3.9028736638753303
26.757334008318725
1.2188279123234746
2.793380618560143
6.719806621410866
3.9584245092655013
924564.5861472698
1.0537548920284905
6.6833046333148545
288.56129187408465
7.948164651976523
13.472841955373196
1.846013096546644
2.4755351341795224
6.238329965954519
7.010736547666516
2.4755351341795224
2.4526685080193955
2.005842129182094
NaN
1.9173749317028008
1.2647727998993255
27.664454267218247
861.2197134990594
1.1538993640214927
2.018514006085322
1.050088958568646
30.886514174139197
5.357739643818754
4.154453209973974
3565.5280917457844
1.4147127135097601
1.7896235974513492
112.6987423411296
1.1638911633022904
NaN
21.477302438636254
1.0647846759669317
2.0578678512661126
3.0971891297427696
5.170503831653884
692.0571468571582
1.235507222712531
5.125315320641677
1.4731178766873727
1.9043835838429128
6.296012535144127
4.867692867240909
NaN
10.772338008018409
NaN
18.77292988199125
1.1462816304504608
1.3884878139000223
4.500854219508062
3.0642452842097017
3.6327354212205654
16.916898206636283
1.4431504197268623
1.3890998308447517
2.636437572394128
1.1169602618909007
1.7107907946610603
1.3644279437635887
1.3644279437635887
3.7365678807413683
NaN
807.7139465539803
3.9002362518841514
1.0218031157310652
10.772338008018409
1.5546994506347338
2.3537846152647637
16.493728442055183
2170.4594582309724
2.389608959949073
NaN
3.6573414398923276
1.2629629387728094
1.3842234291671307
NaN
619.9030678133505
804.1514426885402
7.440409843918604
9.733622765580698
1.5077729626689194
86.63903161911881
1.8269480375321776E8
2.3138653805060136
197603.93914880868
1.2224041344970575
219.73171366408314
2.991228012882969
1.1462816304504608
110.99928269794763
1.736359753940962
3.6462134634966543
2.4526685080193955
1.1158344365675923
919.3505321251482
1.1217156823427805
7.351432146439905
1.2186484496930616
134.99612473829862
3.8639753010478586
1.2186484496930616
NaN
5.610264316432574
38.06749876220598
2.3537846152647637
NaN
1.1638911633022904
13.532708379687808
1.1158344365675923
3.8719632937243467
1.2188279123234746
47.208503067277256
20.12836011227509
1.3316936190610948
1.608639048573097
14.9953623165687
16.7114472985119
3.9028736638753303
152.07011166241875
1.1158344365675923
1.4431504197268623
5.422748469794222
5.772022664694561
18.77292988199125
1177.0298300952015
1.1158344365675923
4.03228217905432
6.373811456048496
67.63811004780749
47.868119681060755
2.86051342258209
1.417388153645661
1.6273732781134957
14.160199041529843
3.339832024354244
15.574489911715247
1.862238170031772
18.70319611302721
1.0486824055154929
2.4060076833693778
2.163201795697149
NaN
11.645228860068663
24.099333337134077
2.8802375092550205
9.93530806875325
10.066543906152598
3.0461016126053644
3.025879678775906
3.9303960124320434
1.6565721508947846
48.67113393205138
1.9037036829481522
1.4219280889482846
14.10356770670812
3.9303960124320434
4.972002230898638
3.5761676065671812
2.072698469469081
1.5628737274565585
3.3639962435219384
1.1841381194584035
5.100906373574051
1.44217933424069
35.32215109638519
NaN
1.2489348991497085
67.63811004780749
59.106840636211835
1.6966115898382343
12.228860821969905
97.8086125922006
1.7992791740470295
NaN
1.2184295169549455
5.805174881066738
3.857989248478936
6.225128154319044
1.2489348991497085
22.04713889416522
1.3296859713103868
2.3001850597448956
17.33956882912963
1.0773267782593052
2.3613873052805197
7.898093992918325
1.6966115898382343
1.7549457732223834
1.360707721262332
3.0202168201147663
94.83490601120381
8.578403414730928
14.006336413248691
39.42580770277033
1.0117735633587663
1.6582732165408975
1.3154681013263343
2.342648823291924
1.2278909787742145
3.683860039141984
2.5716406332634114
3.019600563665514
6.870130660851798
4.739522727806999
3009.32536334448
1.642709489203415
NaN
6.015015382755242
3009.32536334448
2.1974145615853247
1.7127215796242181
2.447165212272312
NaN
96.72179786447693
2.895900564665765
1.2868466920507466
NaN
NaN
24.85957684905124
4.113110463545934
1.2319961007150462
1.1999371825975687
10.151904375947227
1.185074822510272
1.1459268935531566
11.902345054217312
8.259788258962917
7.145894565021343
1.4220610364736628
NaN
6.463381292162971
3.9998260698649157
55.75016462007581
2.572483026455453
53.993742645665755
1.0409324617775715
2.163201795697149
1.1459268935531566
NaN
1.8967417743874528
1.2184295169549455
7.189980406306529
3.6756323806599114
2.790063179530524
2.3233328775269637
NaN
NaN
1.0678183593974209
NaN
4.690018341506842
8.380844469930988
1.1819340929424555
10.150019326232226
10.789830982781625
8.11836625610604
1.0773267782593052
5.848298978873846
2.424845048890592
NaN
23.778999060074895
4.315187266621105
8.633758477608346
3.0540583641641237
NaN
8.578403414730928
1.498864614091903
1.8515812559496565
137.37749196413833
16.18909547315629
7.765216690738206
59.106840636211835
35.660635549297545
NaN
1.6170231103972124
1.2894847335376858
4.580380824025289
NaN
NaN
5.615669331027765
NaN
8.380844469930988
26.73677757219603
3.6330508056933692
2.273871717832912
1.498864614091903
1.0114960413397531
42.911333645645335
3.025879678775906
6.373811456048496
1.3434808923984605
288.10993255325883
5.103789967292199
24.140054935437878
NaN
2.4060076833693778
1.3933860541720051
15.562872161459609
5.102613655257837
8.11836625610604
9.591182533515305
11.26049108168212
NaN
1.1843655797255068
1.113278295705319
212.42738423577595
4.29556225375982
9.63641963545674
26.73677757219603
NaN
1.1025221003877606
97.492980669077
24.140054935437878
2.86051342258209
4.57996917801511
3.0202168201147663
97.60760533978764
29.67903207251618
1.2086485224126073
1.6589008319185619
6.8112391154023975
11.645228860068663
3.683860039141984
2.8442238690897246
4.739522727806999
5.438930069164714
1.2497463957926929
2.0157993512318546
3.98952268683846
3.0062607152074063
10.066543906152598
NaN
1.0486824055154929
1.3188652649843287
1.3983009736007785
259.29201673953327
3.6756323806599114
5.330581455740812
6.532746926633987
1.2496400607971603
1.1926787654446678
4.962071861615049
1.1025221003877606
3.0461016126053644
2.153948017558996
34.5457240100805
1.4770000770910034
2.6346718585039572
4007248.6074905456
NaN
4.686494971688311
1.2528072697634358
3.255121924759803
5.736303168043078
1.5772523388044342
3.3639962435219384
NaN
1.7992791740470295
1.5880228429406062
30.198739137325084
2.0766754478494187
1.5164273709325249
1.296681545162025
NaN
16.800582620122768
1.423866516262172
1.5043988557939667
1.862238170031772
1.5534696304470497
99.41388757123568
NaN
7.411033025862143
NaN
9.63203410819543
19.862060276767696
1.2528072697634358
1.848846956051302
2.0103683576590266
15.562872161459609
1.568957623352341
1.117051733565243
30.198739137325084
1.7281425055530122
18.09329431093392
2.526745201882698
47.66817060820055
3.507518775561138
12.491216783640027
61.349840400652454
3.5857906390320795
1.5221287369093837
1.848846956051302
NaN
41.77609023317032
1.6582732165408975
14.160199041529843
2.6346718585039572
24.17766426734096
1.2979080572337227
14.197873595022328
1.6892364573469878
23.778999060074895
32.13810126659467
111.71053461491759
NaN
5.880361898880318
4.542197407085743
2.6848612704610932
31.54484039921901
96.72179786447693
10.731275788540803
NaN
1.5043988557939667
3.690828794966204
NaN
2.904557467322277
1.2658432878603412
7.9492209763254555
1.1843655797255068
7.145894565021343
1.7281425055530122
36.11628739419578
7.20327167317755
NaN
1.136496038468132
1.0609377080827915
2.782347298269541
11.989020341540547
NaN
1.7127215796242181
9.733622765580698
8.257580914013289
5.448159011877405
NaN
1.976378817781261
4.757976722246594
1.7896235974513492
31.864398267934003
1.2606795614487607
1.1808252633659975
1.036959044466096
6.308313015006483
38.06749876220598
2.018514006085322
8.38532775226205
1.420670385203676
NaN
1.9096971107786092
1.9770201184804963
1.3842234291671307
7.440409843918604
12.191610932297278
210315.23407226088
3.7365678807413683
NaN
152.07011166241875
1.3411198787585026
2.381903788036438
190824.82442781253
1.62023675188985
1.306436494503614
1177.0298300952015
807.7139465539803
8496.393691958512
NaN
NaN
1.5605033634817307
11.467414245861532
1.1158344365675923
NaN
1.3890998308447517
30.890251007540886
1.4147127135097601
10.015767513653424
1.62023675188985
3.073253506237174
NaN
1.0633220769367202
6.054937434392243
184149.6735458618
16.7114472985119
9.967773492718589
45.7864592552373
4.500854219508062
31.147499712178767
2.8255851517191273
NaN
2.167280641366583
3.8719632937243467
1.165594614706519
1.1158344365675923
924564.5861472698
1.2224041344970575
2.8255851517191273
1.3865907512803974
NaN
3690025.4686629786
3.667176808210696
245.60366757771072
3496.685626234046
13.532708379687808
NaN
1.4731178766873727
1.1217156823427805
2.6963248230073256
1.5490071006140456
1.235507222712531
1.7137347519930457
2.3156131766187276
1.1483346311609433
1.9770201184804963
3.073253506237174
110.99928269794763
1.1169602618909007
3.9028736638753303
26.757334008318725
1.2188279123234746
2.793380618560143
6.719806621410866
3.9584245092655013
924564.5861472698
1.0537548920284905
6.6833046333148545
288.56129187408465
7.948164651976523
13.472841955373196
1.846013096546644
2.4755351341795224
6.238329965954519
7.010736547666516
2.4755351341795224
2.4526685080193955
2.005842129182094
NaN
1.9173749317028008
1.2647727998993255
27.664454267218247
861.2197134990594
1.1538993640214927
2.018514006085322
1.050088958568646
30.886514174139197
5.357739643818754
4.154453209973974
3565.5280917457844
1.4147127135097601
1.7896235974513492
112.6987423411296
1.1638911633022904
NaN
21.477302438636254
1.0647846759669317
2.0578678512661126
3.0971891297427696
5.170503831653884
692.0571468571582
1.235507222712531
5.125315320641677
1.4731178766873727
1.9043835838429128
6.296012535144127
4.867692867240909
NaN
10.772338008018409
NaN
18.77292988199125
1.1462816304504608
1.3884878139000223
4.500854219508062
3.0642452842097017
3.6327354212205654
16.916898206636283
1.4431504197268623
1.3890998308447517
2.636437572394128
1.1169602618909007
1.7107907946610603
1.3644279437635887
1.3644279437635887
3.7365678807413683
NaN
807.7139465539803
3.9002362518841514
1.0218031157310652
10.772338008018409
1.5546994506347338
2.3537846152647637
16.493728442055183
2170.4594582309724
2.389608959949073
NaN
3.6573414398923276
1.2629629387728094
1.3842234291671307
NaN
619.9030678133505
804.1514426885402
7.440409843918604
9.733622765580698
1.5077729626689194
86.63903161911881
1.8269480375321776E8
2.3138653805060136
197603.93914880868
1.2224041344970575
219.73171366408314
2.991228012882969
1.1462816304504608
110.99928269794763
1.736359753940962
3.6462134634966543
2.4526685080193955
1.1158344365675923
919.3505321251482
1.1217156823427805
7.351432146439905
1.2186484496930616
134.99612473829862
3.8639753010478586
1.2186484496930616
NaN
5.610264316432574
38.06749876220598
2.3537846152647637
NaN
1.1638911633022904
13.532708379687808
1.1158344365675923
3.8719632937243467
1.2188279123234746
47.208503067277256
20.12836011227509
1.3316936190610948
1.608639048573097
14.9953623165687
16.7114472985119
3.9028736638753303
152.07011166241875
1.1158344365675923
1.4431504197268623
5.422748469794222
5.772022664694561
18.77292988199125
1177.0298300952015
1.1158344365675923
4.03228217905432
6.373811456048496
67.63811004780749
47.868119681060755
2.86051342258209
1.417388153645661
1.6273732781134957
14.160199041529843
3.339832024354244
15.574489911715247
1.862238170031772
18.70319611302721
1.0486824055154929
2.4060076833693778
2.163201795697149
NaN
11.645228860068663
24.099333337134077
2.8802375092550205
9.93530806875325
10.066543906152598
3.0461016126053644
3.025879678775906
3.9303960124320434
1.6565721508947846
48.67113393205138
1.9037036829481522
1.4219280889482846
14.10356770670812
3.9303960124320434
4.972002230898638
3.5761676065671812
2.072698469469081
1.5628737274565585
3.3639962435219384
1.1841381194584035
5.100906373574051
1.44217933424069
35.32215109638519
NaN
1.2489348991497085
67.63811004780749
59.106840636211835
1.6966115898382343
12.228860821969905
97.8086125922006
1.7992791740470295
NaN
1.2184295169549455
5.805174881066738
3.857989248478936
6.225128154319044
1.2489348991497085
22.04713889416522
1.3296859713103868
2.3001850597448956
17.33956882912963
1.0773267782593052
2.3613873052805197
7.898093992918325
1.6966115898382343
1.7549457732223834
1.360707721262332
3.0202168201147663
94.83490601120381
8.578403414730928
14.006336413248691
39.42580770277033
1.0117735633587663
1.6582732165408975
1.3154681013263343
2.342648823291924
1.2278909787742145
3.683860039141984
2.5716406332634114
3.019600563665514
6.870130660851798
4.739522727806999
3009.32536334448
1.642709489203415
NaN
6.015015382755242
3009.32536334448
2.1974145615853247
1.7127215796242181
2.447165212272312
NaN
96.72179786447693
2.895900564665765
1.2868466920507466
NaN
NaN
24.85957684905124
4.113110463545934
1.2319961007150462
1.1999371825975687
10.151904375947227
1.185074822510272
1.1459268935531566
11.902345054217312
8.259788258962917
7.145894565021343
1.4220610364736628
NaN
6.463381292162971
3.9998260698649157
55.75016462007581
2.572483026455453
53.993742645665755
1.0409324617775715
2.163201795697149
1.1459268935531566
NaN
1.8967417743874528
1.2184295169549455
7.189980406306529
3.6756323806599114
2.790063179530524
2.3233328775269637
NaN
NaN
1.0678183593974209
NaN
4.690018341506842
8.380844469930988
1.1819340929424555
10.150019326232226
10.789830982781625
8.11836625610604
1.0773267782593052
5.848298978873846
2.424845048890592
NaN
23.778999060074895
4.315187266621105
8.633758477608346
3.0540583641641237
NaN
8.578403414730928
1.498864614091903
1.8515812559496565
137.37749196413833
16.18909547315629
7.765216690738206
59.106840636211835
35.660635549297545
NaN
1.6170231103972124
1.2894847335376858
4.580380824025289
NaN
NaN
5.615669331027765
NaN
8.380844469930988
26.73677757219603
3.6330508056933692
2.273871717832912
1.498864614091903
1.0114960413397531
42.911333645645335
3.025879678775906
6.373811456048496
1.3434808923984605
288.10993255325883
5.103789967292199
24.140054935437878
NaN
2.4060076833693778
1.3933860541720051
15.562872161459609
5.102613655257837
8.11836625610604
9.591182533515305
11.26049108168212
NaN
1.1843655797255068
1.113278295705319
212.42738423577595
4.29556225375982
9.63641963545674
26.73677757219603
NaN
1.1025221003877606
97.492980669077
24.140054935437878
2.86051342258209
4.57996917801511
3.0202168201147663
97.60760533978764
29.67903207251618
1.2086485224126073
1.6589008319185619
6.8112391154023975
11.645228860068663
3.683860039141984
2.8442238690897246
4.739522727806999
5.438930069164714
1.2497463957926929
2.0157993512318546
3.98952268683846
3.0062607152074063
10.066543906152598
NaN
1.0486824055154929
1.3188652649843287
1.3983009736007785
259.29201673953327
3.6756323806599114
5.330581455740812
6.532746926633987
1.2496400607971603
1.1926787654446678
4.962071861615049
1.1025221003877606
3.0461016126053644
2.153948017558996
34.5457240100805
1.4770000770910034
2.6346718585039572
4007248.6074905456
NaN
4.686494971688311
1.2528072697634358
3.255121924759803
5.736303168043078
1.5772523388044342
3.3639962435219384
NaN
1.7992791740470295
1.5880228429406062
30.198739137325084
2.0766754478494187
1.5164273709325249
1.296681545162025
NaN
16.800582620122768
1.423866516262172
1.5043988557939667
1.862238170031772
1.5534696304470497
99.41388757123568
NaN
7.411033025862143
NaN
9.63203410819543
19.862060276767696
1.2528072697634358
1.848846956051302
2.0103683576590266
15.562872161459609
1.568957623352341
1.117051733565243
30.198739137325084
1.7281425055530122
18.09329431093392
2.526745201882698
47.66817060820055
3.507518775561138
12.491216783640027
61.349840400652454
3.5857906390320795
1.5221287369093837
1.848846956051302
NaN
41.77609023317032
1.6582732165408975
14.160199041529843
2.6346718585039572
24.17766426734096
1.2979080572337227
14.197873595022328
1.6892364573469878
23.778999060074895
32.13810126659467
111.71053461491759
NaN
5.880361898880318
4.542197407085743
2.6848612704610932
31.54484039921901
96.72179786447693
10.731275788540803
NaN
1.5043988557939667
3.690828794966204
NaN
2.904557467322277
1.2658432878603412
7.9492209763254555
1.1843655797255068
7.145894565021343
1.7281425055530122
36.11628739419578
7.20327167317755
NaN
1.136496038468132
1.0609377080827915
2.782347298269541
11.989020341540547
NaN
1.7127215796242181
NaN
